1              -734462.50    -1052616.00
2              -734431.69    -1052760.63
3              -734780.63    -1053071.00
4              -735364.62    -1052966.00
5              -735890.81    -1052498.00
6              -735911.06    -1052500.50
7              -736325.81    -1052552.00
8              -736861.69    -1052766.00
9              -736411.38    -1053678.00
10             -737265.63    -1054001.00
11             -737236.00    -1054252.00
12             -737376.00    -1054036.00
13             -737621.31    -1054271.00
14             -737693.37    -1054448.00
15             -738022.81    -1054390.00
16             -738119.31    -1053772.00
17             -739683.88    -1054104.25
18             -739802.69    -1054654.00
19             -739568.63    -1054685.00
20             -739610.31    -1054845.00
21             -740633.31    -1054946.00
22             -740673.87    -1055365.00
23             -741169.69    -1055142.50
24             -741376.87    -1055877.00
25             -741651.87    -1056221.00
26             -742193.38    -1056103.00
27             -742373.81    -1055862.00
28             -742817.81    -1055815.00
29             -743348.50    -1056313.00
30             -744464.88    -1056619.00
31             -744981.31    -1056491.00
32             -745909.38    -1055572.50
33             -745919.00    -1055563.00
34             -746070.00    -1055607.00
35             -746845.38    -1057616.00
36             -746725.62    -1058212.00
37             -746691.81    -1058348.00
38             -746795.37    -1058768.00
39             -747115.00    -1058554.00
40             -747214.38    -1057894.00
41             -747760.69    -1057825.00
42             -748279.63    -1058095.00
43             -748342.50    -1057945.87
44             -748450.81    -1057689.00
45             -748745.62    -1057525.00
46             -749306.31    -1057826.00
47             -749407.31    -1057698.00
48             -750829.31    -1057613.00
49             -750997.87    -1057065.00
50             -751483.62    -1056614.00
51             -751596.87    -1056259.00
52             -751176.12    -1055561.00
53             -750803.37    -1055389.00
54             -750313.62    -1055676.00
55             -749853.31    -1054973.37
56             -749848.50    -1054966.00
57             -749980.13    -1054700.00
58             -751001.50    -1054951.00
59             -751222.38    -1054919.00
60             -751195.12    -1054789.00
61             -750264.37    -1053959.00
62             -750218.13    -1053539.00
63             -750455.50    -1053164.00
64             -749912.00    -1052946.00
65             -750356.31    -1052518.00
66             -750427.56    -1052538.38
67             -751617.62    -1052878.00
68             -751863.12    -1052202.00
69             -752128.12    -1052173.00
70             -752267.38    -1051950.00
71             -752630.63    -1051761.00
72             -752630.50    -1051540.00
73             -753000.81    -1051204.00
74             -752637.81    -1051017.00
75             -752464.12    -1050202.00
76             -751836.00    -1050818.00
77             -751181.56    -1049102.25
78             -752537.19    -1048805.13
79             -753149.88    -1048341.00
80             -753573.63    -1047802.50
81             -754211.62    -1046675.00
82             -754334.12    -1046491.00
83             -754186.13    -1045903.00
84             -754299.31    -1045841.00
85             -753896.00    -1045589.00
86             -753898.38    -1045210.00
87             -754420.88    -1045348.00
88             -754515.12    -1044987.00
89             -754883.87    -1045043.00
90             -754960.87    -1044683.00
91             -755493.31    -1044507.00
92             -755424.38    -1044056.00
93             -755042.31    -1044089.00
94             -754684.81    -1043892.00
95             -754592.69    -1043125.00
96             -753488.88    -1043155.00
97             -753205.38    -1043394.00
98             -752997.00    -1043124.00
99             -752331.81    -1043302.00
100            -752281.31    -1043086.00
101            -752341.31    -1042927.62
102            -752387.38    -1042806.00
103            -752647.00    -1042702.00
104            -752599.13    -1042364.00
105            -753313.19    -1042345.00
106            -753318.31    -1041543.00
107            -753593.31    -1041662.00
108            -754073.50    -1041457.00
109            -754021.87    -1040494.00
110            -754394.00    -1040226.00
111            -754090.31    -1040001.00
112            -754527.87    -1039523.00
113            -755135.69    -1039588.00
114            -755633.19    -1039718.00
115            -755907.63    -1039514.00
116            -756344.31    -1039643.00
117            -756474.62    -1039477.00
118            -756427.12    -1039284.00
119            -755408.63    -1039017.00
120            -755490.19    -1038656.00
121            -755307.38    -1038519.00
122            -755113.31    -1038594.00
123            -754895.13    -1038777.00
124            -754118.37    -1038619.00
125            -754179.62    -1038490.00
126            -753982.81    -1038374.00
127            -753834.87    -1038530.00
128            -752870.50    -1038231.00
129            -752364.31    -1038096.00
130            -751929.37    -1038594.00
131            -751889.25    -1038572.19
132            -751036.13    -1038108.00
133            -751146.31    -1037675.00
134            -750712.63    -1037465.00
135            -750616.81    -1037140.00
136            -750289.50    -1037173.00
137            -749968.31    -1037427.00
138            -749631.63    -1037482.00
139            -749682.37    -1037902.00
140            -749596.12    -1038529.38
141            -749531.31    -1039001.00
142            -748982.63    -1038872.00
143            -747108.38    -1039205.69
144            -746582.13    -1039299.37
145            -746539.31    -1039307.00
146            -746924.81    -1038322.00
147            -746564.31    -1037753.00
148            -746721.69    -1037753.00
149            -746701.31    -1037591.69
150            -746777.81    -1036914.00
151            -746562.50    -1036743.00
152            -746562.13    -1036514.00
153            -745894.81    -1035808.00
154            -745358.81    -1035867.00
155            -744779.81    -1036205.00
156            -744412.81    -1036141.00
157            -743921.13    -1036751.00
158            -743541.44    -1036573.94
159            -743435.12    -1036571.00
160            -743328.12    -1036161.00
161            -742942.88    -1036286.00
162            -741862.37    -1036191.00
163            -741856.50    -1036153.44
164            -741801.13    -1035798.00
165            -741273.19    -1035875.00
166            -741238.38    -1035281.00
167            -740298.19    -1035520.00
168            -738938.38    -1035552.56
169            -738628.19    -1035560.00
170            -738590.38    -1034906.00
171            -738398.00    -1034906.00
172            -738321.63    -1034441.00
173            -737447.13    -1034530.00
174            -737402.37    -1034213.00
175            -736064.81    -1034477.00
176            -735452.13    -1034653.00
177            -735229.69    -1034379.00
178            -734586.69    -1034474.00
179            -733980.50    -1034137.00
180            -733514.19    -1034256.94
181            -733665.75    -1035348.75
182            -733812.94    -1035411.19
183            -733738.25    -1035946.25
184            -733252.37    -1035699.00
185            -733122.31    -1035919.00
186            -732839.37    -1035898.00
187            -732583.87    -1035644.00
188            -732323.81    -1036014.00
189            -731841.87    -1036228.00
190            -731669.38    -1036885.00
191            -731903.50    -1036956.00
192            -731799.88    -1037517.00
193            -731531.31    -1037360.00
194            -731378.63    -1037576.00
195            -730661.31    -1037705.00
196            -730205.00    -1037320.00
197            -729889.13    -1037311.00
198            -729236.63    -1037400.00
199            -729686.50    -1037959.00
200            -730151.13    -1038264.00
201            -729931.12    -1038653.00
202            -730028.81    -1038891.00
203            -729778.69    -1039530.00
204            -729402.00    -1040128.00
205            -729389.44    -1040136.31
206            -729146.56    -1040296.87
207            -728792.38    -1040531.00
208            -728033.44    -1040312.44
209            -727973.25    -1040558.81
210            -727157.62    -1040412.38
211            -727052.19    -1041033.00
212            -725448.50    -1041413.00
213            -725764.37    -1043146.00
214            -725232.81    -1043646.00
215            -725051.31    -1043502.00
216            -724530.81    -1043834.00
217            -723478.56    -1044173.00
218            -723667.37    -1044311.00
219            -723706.69    -1044640.00
220            -723636.81    -1044679.13
221            -722766.31    -1045167.00
222            -722587.50    -1045791.00
223            -723266.50    -1047362.00
224            -724027.31    -1047345.00
225            -724099.81    -1047398.00
226            -725436.31    -1047875.00
227            -726231.31    -1047949.00
228            -726291.19    -1047975.19
229            -726402.88    -1048024.00
230            -726354.13    -1048136.00
231            -726852.88    -1048037.00
232            -726897.63    -1048283.00
233            -727377.63    -1048173.00
234            -727353.81    -1048365.00
235            -727685.38    -1048503.00
236            -727837.37    -1049369.12
237            -727843.31    -1049403.00
238            -727701.37    -1050209.00
239            -727313.13    -1050071.00
240            -726879.31    -1049517.00
241            -726482.88    -1049971.00
242            -726140.31    -1050736.00
243            -726759.44    -1050796.63
244            -726887.31    -1051425.75
245            -726622.94    -1052125.38
246            -726243.88    -1052926.00
247            -726334.81    -1053248.00
248            -726367.25    -1053472.75
249            -726885.31    -1053552.00
250            -726925.13    -1054136.00
251            -727255.62    -1054483.00
252            -727758.38    -1053905.00
253            -727810.00    -1053969.50
254            -728139.38    -1054381.00
255            -728167.00    -1054104.00
256            -728502.62    -1054130.00
257            -728030.81    -1054901.00
258            -728595.19    -1055378.00
259            -729030.13    -1055100.00
260            -729494.31    -1055146.00
261            -729942.31    -1054781.00
262            -730065.31    -1054914.00
263            -730240.75    -1054723.25
264            -730311.87    -1054805.00
265            -730576.94    -1054499.25
266            -730617.31    -1054620.50
267            -730847.31    -1054471.00
268            -730786.25    -1054297.75
269            -730841.69    -1054149.00
270            -731061.62    -1054234.00
271            -731086.81    -1053315.00
272            -731654.19    -1053491.00
273            -731595.50    -1053152.75
274            -732137.62    -1053336.00
275            -732163.12    -1053074.50
276            -732178.81    -1052914.00
277            -732478.62    -1052959.00
278            -732382.81    -1052450.00
279            -732885.81    -1052670.00
280            -732990.25    -1052765.25
281            -733514.75    -1053243.62
282            -733936.12    -1052698.00
